Cell	V	Wsyn	Sig0T	Sig0L	A10	Phi	a	m	B	L	Z
0	41.53	0.035	0	0	0	-90	12.3111	1	0.01	0.7992	0
1	41.53	0.035	2	0	0	-90	2.2216	1	0.3071	0.7992	0.8
2	41.53	0.035	12.5	0	0	-90	0.8845	1	1.9372	0.7992	1.6
3	41.53	0.035	27.9	0	0	-90	0.5923	1	4.3209	0.7992	2.4
4	41.53	0.035	34.2	0	0	-90	0.5259	1	5.2979	0.7992	3.2
5	41.53	0.0351	32.5	14.8	0.0114	-87.67	0.5164	1.0375	5.2996	0.8096	4.01
6	41.53	0.0352	30.9	20.8	0.02269	-85.3	0.5074	1.0755	5.303	0.8099	4.82
7	41.53	0.0353	29.2	25.3	0.03375	-82.94	0.4989	1.1142	5.3087	0.8107	5.63
8	41.53	0.0356	27.5	28.9	0.04465	-80.57	0.4908	1.1534	5.3169	0.8123	6.44
9	41.53	0.0359	25.9	31.9	0.05551	-78.19	0.4831	1.1932	5.3269	0.8151	7.25
10	41.53	0.0364	24.3	34.5	0.06644	-75.8	0.4758	1.2335	5.3383	0.8195	8.07
11	41.53	0.0371	22.9	36.5	0.07674	-73.39	0.4694	1.2705	5.35	0.8257	8.9
12	41.53	0.038	21.5	38.2	0.08737	-70.96	0.4632	1.3077	5.3627	0.8341	9.73
13	41.53	0.0391	20.3	39.7	0.09854	-68.5	0.4572	1.345	5.376	0.8448	10.58
14	41.53	0.0405	19.2	40.9	0.11042	-66	0.4514	1.3816	5.3894	0.8582	11.44
15	41.53	0.0422	18.3	41.9	0.1232	-63.45	0.4456	1.4187	5.4039	0.8746	12.31
16	41.53	0.0443	17.7	42.6	0.13649	-60.85	0.4405	1.4511	5.4167	0.8943	13.21
17	41.53	0.0467	17.9	42.5	0.14778	-58.18	0.437	1.4706	5.4246	0.9175	14.12
18	41.53	0.0495	18.2	42.3	0.16006	-55.43	0.4336	1.4888	5.432	0.9441	15.07
19	41.53	0.0528	18.8	41.9	0.17338	-52.6	0.4295	1.5115	5.4397	0.9742	16.04
20	41.53	0.0566	19.6	41.2	0.18774	-49.66	0.4252	1.5345	5.4474	1.008	17.05
21	41.53	0.0609	20.6	40.4	0.20302	-46.62	0.421	1.5566	5.4544	1.0457	18.1
22	41.53	0.0659	21.8	39.1	0.2176	-43.46	0.4175	1.5723	5.458	1.0873	19.18
23	41.53	0.0714	23.1	37.6	0.23292	-40.17	0.4142	1.5871	5.4608	1.1327	20.32
24	41.53	0.0777	24.4	35.9	0.24887	-36.73	0.4109	1.6011	5.4628	1.1818	21.5
25	41.53	0.0846	25.8	34	0.26538	-33.14	0.4076	1.615	5.4643	1.2346	22.73
26	41.53	0.0925	26.2	33.6	0.29842	-31.33	0.3971	1.6802	5.4857	1.2777	24.01
27	41.53	0.1017	26.5	33.5	0.33991	-30	0.3831	1.7727	5.5168	1.3342	25.34
28	41.53	0.1117	27	32.8	0.35704	-30	0.3795	1.7885	5.5156	1.3885	26.73
29	41.53	0.1221	27.4	32.1	0.37368	-30	0.376	1.8043	5.514	1.4539	28.19
30	41.53	0.1331	27.8	31.4	0.3899	-30	0.3726	1.8202	5.5118	1.5193	29.7
31	41.53	0.1445	28.1	30.7	0.40574	-30	0.3693	1.8363	5.5092	1.5847	31.29
32	41.53	0.1563	28.4	30.1	0.42125	-30	0.3654	1.8574	5.5107	1.6499	32.94
33	41.53	0.1686	28.8	29.5	0.43644	-30	0.3614	1.8808	5.5126	1.715	34.65
34	41.53	0.1813	29.1	28.9	0.45134	-30	0.3574	1.9048	5.5142	1.7799	36.43
35	41.53	0.1944	29.3	28.4	0.46597	-30	0.3534	1.929	5.5153	1.8446	38.28
36	41.53	0.2079	29.6	27.9	0.48033	-30	0.3495	1.9535	5.516	1.9091	40.19
37	41.53	0.2218	29.8	27.4	0.49443	-30	0.3455	1.9797	5.5165	1.9733	42.16
38	41.53	0.2361	30.1	26.9	0.50829	-30	0.3415	2.0066	5.5166	2.0373	44.2
39	41.53	0.2508	30.2	26.5	0.5219	-30	0.3375	2.0337	5.516	2.101	46.3
40	41.53	0.2658	30.5	26	0.53498	-30	0.3336	2.0614	5.5177	2.1645	48.46
41	41.53	0.2811	30.7	25.4	0.53841	-30	0.3333	2.0596	5.5136	2.2274	50.69
42	41.53	0.2965	30.9	24.8	0.54158	-30	0.333	2.0583	5.5096	2.2892	52.98
43	41.53	0.3119	31.1	24.2	0.54453	-30	0.3328	2.0572	5.5058	2.3497	55.33
44	41.53	0.3274	31.3	23.7	0.54728	-30	0.3325	2.0563	5.5021	2.409	57.74
45	41.53	0.343	31.4	23.2	0.54986	-30	0.3323	2.0556	5.4985	2.4671	60.21
46	41.53	0.3587	31.6	22.8	0.55229	-30	0.332	2.0551	5.4951	2.5242	62.73
47	41.53	0.3744	31.7	22.3	0.55459	-30	0.3318	2.0548	5.4917	2.5802	65.31
48	41.53	0.3902	31.8	21.9	0.55677	-30	0.3315	2.0546	5.4884	2.6352	67.95
49	41.53	0.406	31.9	21.5	0.55886	-30	0.3313	2.0546	5.4852	2.6893	70.64
50	41.53	0.4219	32	21.1	0.56063	-30	0.3311	2.054	5.482	2.7425	73.38
51	41.53	0.4378	32.1	20.8	0.5622	-30	0.331	2.0532	5.4788	2.7949	76.17
52	41.53	0.4538	32.2	20.4	0.5637	-30	0.3309	2.0527	5.4768	2.8464	79.02
53	41.53	0.4698	32.3	20.1	0.56512	-30	0.3308	2.0524	5.4753	2.8971	81.92
54	41.53	0.4859	32.4	19.8	0.56649	-30	0.3306	2.0522	5.4738	2.9471	84.86
55	41.53	0.5019	32.5	19.5	0.5678	-30	0.3305	2.0521	5.4724	2.9964	87.86
56	41.53	0.5181	32.6	19.2	0.56905	-30	0.3303	2.0521	5.471	3.0449	90.9
57	41.53	0.5342	32.6	19	0.57026	-30	0.3302	2.0521	5.4696	3.0928	94
58	41.53	0.5504	32.7	18.7	0.57128	-30	0.3301	2.0518	5.4682	3.1401	97.14
59	41.53	0.5666	32.8	18.4	0.57222	-30	0.33	2.0513	5.4668	3.1867	100.32
60	41.53	0.5828	32.8	18.2	0.57312	-30	0.33	2.051	5.4654	3.2327	103.56
61	41.53	0.5991	32.9	18	0.57399	-30	0.3299	2.0507	5.4641	3.2782	106.84
62	41.53	0.6154	32.9	17.7	0.57482	-30	0.3298	2.0504	5.4628	3.3231	110.16
63	41.53	0.6317	33	17.5	0.57562	-30	0.3298	2.0502	5.4615	3.3674	113.53
64	41.53	0.648	33	17.3	0.5764	-30	0.3297	2.05	5.4602	3.4112	116.94
65	41.53	0.6643	33.1	17.1	0.57708	-30	0.3296	2.0496	5.4589	3.4545	120.39
66	41.53	0.6807	33.1	16.9	0.5777	-30	0.3296	2.0492	5.4576	3.4974	123.89
67	41.53	0.6971	33.1	16.7	0.5783	-30	0.3296	2.0488	5.4564	3.5397	127.43
68	41.53	0.7135	33.2	16.5	0.57888	-30	0.3295	2.0485	5.4551	3.5816	131.01
69	41.53	0.7299	33.2	16.4	0.57944	-30	0.3295	2.0482	5.4541	3.623	134.63
70	41.53	0.7463	33.3	16.2	0.57998	-30	0.3295	2.0479	5.4535	3.664	138.3
71	41.53	0.7627	33.3	16	0.58049	-30	0.3294	2.0477	5.4528	3.7046	142
72	41.53	0.7792	33.3	15.8	0.58095	-30	0.3294	2.0473	5.4522	3.7448	145.75
73	41.53	0.7956	33.4	15.7	0.58138	-30	0.3294	2.0469	5.4515	3.7846	149.53
74	41.53	0.8121	33.4	15.5	0.58181	-30	0.3294	2.0466	5.4508	3.824	153.36
75	41.53	0.8286	33.4	15.4	0.58222	-30	0.3294	2.0463	5.4502	3.863	157.22
76	41.53	0.8451	33.4	15.2	0.58261	-30	0.3293	2.046	5.4496	3.9016	161.12
77	41.53	0.8616	33.5	15.1	0.58299	-30	0.3293	2.0457	5.449	3.9399	165.06
78	41.53	0.8781	33.5	15	0.58333	-30	0.3293	2.0454	5.4483	3.9778	169.04
79	41.53	0.8946	33.5	14.8	0.58366	-30	0.3293	2.045	5.4477	4.0154	173.05
80	41.53	0.9111	33.6	14.7	0.58399	-30	0.3293	2.0447	5.4471	4.0527	177.11
81	41.53	0.9277	33.6	14.6	0.5843	-30	0.3293	2.0444	5.4465	4.0896	181.2
82	41.53	0.9442	33.6	14.4	0.5846	-30	0.3293	2.0442	5.4459	4.1263	185.32
83	41.53	0.9607	33.6	14.3	0.58488	-30	0.3293	2.0439	5.4453	4.1626	189.48
84	41.53	0.9773	33.6	14.2	0.58515	-30	0.3293	2.0436	5.4447	4.1986	193.68
85	41.53	0.9939	33.7	14.1	0.58541	-30	0.3293	2.0433	5.4441	4.2344	197.92
86	41.53	1.0104	33.7	14	0.58541	-30	0.3294	2.0422	5.4435	4.2698	202.19
87T	41.53	1.0167	34.2	0	0	-57.66	0.5259	1	5.2989	3.6359	205.82
